F1,F2,F3,F4,F5,F6,F7,F8,F9,F10,F11,F12,F13,F14,F15,F16,F17,F18,F19,F20,label
0.0,0.0,0.0,0.0,0.0,12.5,0.0,6.25,18.75,18.75,0.0,12.5,0.0,6.25,0.0,6.25,6.25,12.5,0.0,0.0,1
0.0,0.0,5.88,0.0,5.88,0.0,0.0,11.76,35.29,11.76,5.88,0.0,0.0,0.0,0.0,0.0,0.0,11.76,0.0,11.76,1
11.11,0.0,0.0,0.0,11.11,11.11,5.56,5.56,5.56,16.67,0.0,0.0,0.0,0.0,16.67,5.56,0.0,11.11,0.0,0.0,1
5.56,0.0,5.56,5.56,0.0,0.0,0.0,0.0,16.67,22.22,5.56,0.0,0.0,16.67,0.0,0.0,0.0,22.22,0.0,0.0,1
10.53,5.26,5.26,0.0,0.0,5.26,0.0,5.26,15.79,21.05,0.0,10.53,0.0,0.0,5.26,0.0,0.0,5.26,0.0,10.53,1
5.26,0.0,0.0,0.0,0.0,5.26,0.0,26.32,26.32,5.26,0.0,0.0,0.0,0.0,15.79,0.0,0.0,15.79,0.0,0.0,1
0.0,0.0,0.0,0.0,0.0,0.0,0.0,0.0,0.0,95.0,0.0,0.0,0.0,5.0,0.0,0.0,0.0,0.0,0.0,0.0,1
35.0,0.0,0.0,0.0,0.0,10.0,0.0,0.0,50.0,0.0,0.0,0.0,5.0,0.0,0.0,0.0,0.0,0.0,0.0,0.0,1
14.29,0.0,0.0,4.76,4.76,4.76,0.0,4.76,9.52,9.52,4.76,4.76,0.0,9.52,9.52,0.0,4.76,4.76,0.0,9.52,1
0.0,0.0,4.76,9.52,4.76,0.0,0.0,19.05,23.81,14.29,9.52,4.76,0.0,0.0,4.76,0.0,4.76,0.0,0.0,0.0,1
0.0,0.0,0.0,0.0,0.0,0.0,0.0,100.0,0.0,0.0,0.0,0.0,0.0,0.0,0.0,0.0,0.0,0.0,0.0,0.0,1
9.52,4.76,0.0,0.0,4.76,0.0,4.76,4.76,9.52,14.29,0.0,0.0,4.76,4.76,9.52,0.0,0.0,23.81,4.76,0.0,1
9.52,0.0,0.0,4.76,0.0,4.76,0.0,9.52,9.52,0.0,0.0,0.0,4.76,4.76,9.52,4.76,9.52,19.05,0.0,9.52,1
19.05,0.0,0.0,0.0,4.76,14.29,0.0,0.0,0.0,0.0,0.0,0.0,9.52,4.76,0.0,19.05,14.29,14.29,0.0,0.0,1
18.18,0.0,0.0,0.0,4.55,0.0,0.0,0.0,13.64,13.64,4.55,4.55,9.09,4.55,13.64,0.0,0.0,13.64,0.0,0.0,1
4.55,0.0,0.0,0.0,13.64,0.0,0.0,22.73,27.27,4.55,0.0,0.0,4.55,0.0,4.55,9.09,4.55,4.55,0.0,0.0,1
0.0,0.0,0.0,0.0,0.0,13.64,0.0,18.18,0.0,27.27,0.0,0.0,0.0,0.0,9.09,0.0,4.55,22.73,4.55,0.0,1
4.55,0.0,0.0,0.0,0.0,0.0,0.0,4.55,18.18,9.09,4.55,4.55,0.0,0.0,9.09,9.09,9.09,13.64,0.0,13.64,1
40.91,0.0,0.0,0.0,0.0,0.0,0.0,0.0,50.0,0.0,0.0,0.0,9.09,0.0,0.0,0.0,0.0,0.0,0.0,0.0,1
4.55,4.55,0.0,0.0,4.55,9.09,0.0,9.09,18.18,18.18,0.0,0.0,4.55,0.0,4.55,4.55,4.55,13.64,0.0,0.0,1
30.43,0.0,0.0,0.0,0.0,8.7,0.0,0.0,30.43,0.0,0.0,0.0,26.09,0.0,0.0,0.0,4.35,0.0,0.0,0.0,1
4.35,0.0,0.0,0.0,4.35,4.35,0.0,8.7,0.0,8.7,0.0,0.0,0.0,0.0,0.0,0.0,0.0,69.57,0.0,0.0,1
21.74,0.0,0.0,0.0,0.0,0.0,0.0,4.35,17.39,30.43,0.0,0.0,0.0,0.0,4.35,0.0,0.0,21.74,0.0,0.0,1
0.0,0.0,0.0,0.0,0.0,0.0,0.0,0.0,4.35,56.52,4.35,0.0,0.0,0.0,21.74,0.0,0.0,13.04,0.0,0.0,1
17.39,0.0,0.0,4.35,4.35,0.0,0.0,4.35,13.04,13.04,0.0,4.35,4.35,4.35,13.04,8.7,0.0,8.7,0.0,0.0,1
45.83,0.0,0.0,0.0,0.0,0.0,0.0,0.0,37.5,0.0,0.0,0.0,16.67,0.0,0.0,0.0,0.0,0.0,0.0,0.0,1
37.5,0.0,0.0,0.0,0.0,4.17,0.0,0.0,45.83,0.0,0.0,0.0,8.33,0.0,0.0,0.0,4.17,0.0,0.0,0.0,1
0.0,4.17,4.17,0.0,4.17,16.67,0.0,4.17,8.33,16.67,0.0,0.0,4.17,0.0,8.33,0.0,12.5,8.33,0.0,8.33,1
8.33,0.0,0.0,4.17,0.0,4.17,0.0,8.33,16.67,20.83,0.0,4.17,0.0,4.17,4.17,0.0,8.33,16.67,0.0,0.0,1
8.33,0.0,0.0,4.17,12.5,8.33,0.0,0.0,4.17,16.67,0.0,0.0,4.17,0.0,16.67,0.0,20.83,4.17,0.0,0.0,1
25.0,0.0,0.0,0.0,0.0,0.0,0.0,4.17,58.33,0.0,0.0,0.0,0.0,0.0,0.0,0.0,0.0,12.5,0.0,0.0,1
0.0,0.0,0.0,4.17,4.17,4.17,0.0,20.83,16.67,4.17,0.0,8.33,16.67,0.0,0.0,0.0,4.17,16.67,0.0,0.0,1
28.0,4.0,0.0,4.0,0.0,8.0,0.0,0.0,0.0,8.0,0.0,0.0,4.0,8.0,16.0,0.0,0.0,20.0,0.0,0.0,1
28.0,0.0,0.0,0.0,8.0,8.0,0.0,0.0,0.0,24.0,0.0,0.0,0.0,0.0,8.0,4.0,0.0,12.0,0.0,8.0,1
8.0,0.0,0.0,8.0,0.0,0.0,0.0,20.0,40.0,4.0,0.0,0.0,0.0,0.0,0.0,0.0,0.0,20.0,0.0,0.0,1
12.0,0.0,0.0,0.0,8.0,4.0,0.0,0.0,4.0,16.0,0.0,4.0,0.0,0.0,8.0,8.0,16.0,8.0,0.0,12.0,1
12.0,0.0,4.0,0.0,0.0,8.0,0.0,0.0,28.0,0.0,0.0,0.0,24.0,4.0,4.0,4.0,8.0,4.0,0.0,0.0,1
8.0,0.0,4.0,0.0,0.0,8.0,0.0,0.0,28.0,0.0,0.0,0.0,32.0,4.0,4.0,4.0,4.0,4.0,0.0,0.0,1
8.0,0.0,0.0,8.0,0.0,20.0,0.0,8.0,20.0,0.0,8.0,4.0,8.0,0.0,0.0,0.0,0.0,8.0,4.0,4.0,1
28.0,0.0,0.0,0.0,4.0,4.0,0.0,12.0,4.0,16.0,0.0,0.0,8.0,0.0,4.0,4.0,4.0,12.0,0.0,0.0,1
8.0,0.0,0.0,0.0,8.0,12.0,4.0,8.0,8.0,8.0,4.0,4.0,0.0,0.0,12.0,4.0,12.0,4.0,4.0,0.0,1
4.0,0.0,4.0,0.0,4.0,20.0,4.0,12.0,4.0,28.0,0.0,0.0,0.0,0.0,4.0,4.0,4.0,0.0,4.0,4.0,1
8.0,0.0,0.0,4.0,12.0,12.0,0.0,0.0,4.0,20.0,0.0,0.0,4.0,0.0,16.0,0.0,16.0,0.0,0.0,4.0,1
40.0,0.0,0.0,0.0,0.0,0.0,0.0,0.0,48.0,0.0,0.0,0.0,12.0,0.0,0.0,0.0,0.0,0.0,0.0,0.0,1
0.0,0.0,0.0,0.0,0.0,48.0,0.0,0.0,0.0,0.0,0.0,0.0,4.0,0.0,0.0,0.0,0.0,48.0,0.0,0.0,1
11.54,0.0,3.85,3.85,7.69,3.85,3.85,3.85,7.69,0.0,0.0,0.0,19.23,0.0,23.08,0.0,0.0,7.69,0.0,3.85,1
11.54,0.0,0.0,3.85,0.0,19.23,0.0,0.0,3.85,15.38,15.38,0.0,3.85,3.85,15.38,3.85,0.0,3.85,0.0,0.0,1
7.69,0.0,3.85,0.0,0.0,15.38,0.0,0.0,23.08,3.85,0.0,7.69,19.23,0.0,7.69,3.85,3.85,3.85,0.0,0.0,1
3.85,0.0,3.85,0.0,0.0,7.69,0.0,19.23,11.54,11.54,3.85,3.85,0.0,0.0,11.54,3.85,0.0,15.38,0.0,3.85,1
0.0,0.0,7.69,7.69,7.69,0.0,0.0,11.54,26.92,7.69,0.0,7.69,3.85,3.85,7.69,0.0,0.0,0.0,3.85,3.85,1
3.85,0.0,0.0,0.0,11.54,7.69,0.0,0.0,7.69,34.62,0.0,0.0,0.0,0.0,11.54,3.85,0.0,19.23,0.0,0.0,1
11.54,0.0,0.0,0.0,0.0,3.85,0.0,15.38,19.23,3.85,0.0,3.85,0.0,0.0,0.0,3.85,0.0,38.46,0.0,0.0,1
3.85,0.0,0.0,0.0,0.0,0.0,0.0,53.85,11.54,11.54,0.0,3.85,0.0,0.0,7.69,0.0,0.0,7.69,0.0,0.0,1
11.54,0.0,3.85,0.0,0.0,0.0,3.85,0.0,7.69,23.08,0.0,0.0,0.0,11.54,11.54,7.69,0.0,19.23,0.0,0.0,1
38.46,0.0,0.0,0.0,0.0,0.0,0.0,0.0,46.15,0.0,0.0,0.0,15.38,0.0,0.0,0.0,0.0,0.0,0.0,0.0,1
29.63,0.0,0.0,0.0,0.0,3.7,3.7,0.0,14.81,7.41,7.41,7.41,0.0,7.41,7.41,3.7,0.0,7.41,0.0,0.0,1
18.52,0.0,0.0,0.0,0.0,3.7,3.7,11.11,0.0,14.81,7.41,7.41,3.7,3.7,7.41,0.0,3.7,11.11,0.0,3.7,1
7.41,0.0,0.0,0.0,3.7,7.41,0.0,7.41,11.11,11.11,0.0,0.0,0.0,3.7,11.11,0.0,0.0,29.63,7.41,0.0,1
0.0,0.0,7.41,0.0,3.7,0.0,0.0,22.22,25.93,7.41,0.0,14.81,0.0,7.41,3.7,0.0,0.0,3.7,0.0,3.7,1
3.7,0.0,0.0,3.7,0.0,0.0,0.0,37.04,22.22,7.41,7.41,7.41,3.7,0.0,7.41,0.0,0.0,0.0,0.0,0.0,1
7.41,0.0,7.41,0.0,0.0,22.22,0.0,29.63,7.41,11.11,0.0,3.7,0.0,0.0,0.0,0.0,7.41,3.7,0.0,0.0,1
7.41,0.0,7.41,0.0,14.81,3.7,0.0,3.7,11.11,7.41,3.7,0.0,3.7,0.0,22.22,7.41,0.0,3.7,0.0,3.7,1
0.0,0.0,0.0,0.0,0.0,3.7,0.0,0.0,3.7,3.7,25.93,0.0,0.0,0.0,25.93,0.0,3.7,33.33,0.0,0.0,1
0.0,0.0,0.0,3.7,0.0,0.0,0.0,3.7,29.63,0.0,14.81,0.0,0.0,3.7,7.41,0.0,0.0,37.04,0.0,0.0,1
0.0,3.7,0.0,0.0,0.0,0.0,0.0,11.11,29.63,25.93,3.7,7.41,0.0,3.7,0.0,0.0,0.0,3.7,0.0,11.11,1
14.29,0.0,0.0,0.0,0.0,0.0,0.0,0.0,7.14,17.86,17.86,0.0,7.14,0.0,7.14,10.71,3.57,10.71,0.0,3.57,1
3.57,0.0,0.0,7.14,10.71,14.29,3.57,14.29,3.57,7.14,3.57,0.0,3.57,3.57,10.71,0.0,7.14,3.57,0.0,3.57,1
7.14,0.0,0.0,0.0,3.57,7.14,3.57,3.57,0.0,17.86,0.0,3.57,10.71,3.57,17.86,3.57,0.0,10.71,3.57,3.57,1
25.0,0.0,0.0,3.57,0.0,10.71,0.0,0.0,7.14,10.71,3.57,0.0,7.14,0.0,10.71,0.0,3.57,10.71,0.0,7.14,1
39.29,0.0,0.0,0.0,0.0,0.0,0.0,3.57,0.0,3.57,0.0,0.0,0.0,0.0,0.0,0.0,0.0,53.57,0.0,0.0,1
35.71,0.0,0.0,0.0,0.0,7.14,0.0,0.0,7.14,21.43,0.0,0.0,0.0,0.0,10.71,3.57,7.14,0.0,3.57,3.57,1
0.0,0.0,3.57,0.0,14.29,3.57,7.14,0.0,17.86,10.71,3.57,3.57,0.0,0.0,10.71,0.0,7.14,3.57,7.14,7.14,1
7.14,0.0,0.0,3.57,3.57,7.14,0.0,10.71,7.14,7.14,0.0,0.0,0.0,0.0,10.71,0.0,0.0,39.29,0.0,3.57,1
7.14,3.57,0.0,0.0,0.0,3.57,0.0,3.57,14.29,21.43,3.57,0.0,10.71,10.71,7.14,3.57,7.14,3.57,0.0,0.0,1
28.57,0.0,0.0,0.0,0.0,10.71,0.0,0.0,7.14,17.86,3.57,0.0,0.0,0.0,14.29,0.0,10.71,3.57,0.0,3.57,1
0.0,0.0,0.0,0.0,0.0,25.0,0.0,0.0,3.57,21.43,0.0,0.0,0.0,0.0,21.43,0.0,0.0,28.57,0.0,0.0,1
46.43,0.0,0.0,0.0,0.0,0.0,0.0,0.0,42.86,0.0,0.0,0.0,10.71,0.0,0.0,0.0,0.0,0.0,0.0,0.0,1
3.57,0.0,0.0,7.14,0.0,0.0,0.0,25.0,46.43,3.57,7.14,0.0,0.0,0.0,3.57,0.0,0.0,3.57,0.0,0.0,1
0.0,0.0,0.0,7.14,7.14,0.0,0.0,21.43,28.57,7.14,0.0,0.0,0.0,0.0,0.0,7.14,3.57,17.86,0.0,0.0,1
20.69,0.0,6.9,0.0,3.45,6.9,0.0,3.45,3.45,10.34,0.0,6.9,3.45,6.9,13.79,0.0,3.45,10.34,0.0,0.0,1
34.48,0.0,0.0,0.0,0.0,0.0,0.0,0.0,41.38,0.0,0.0,0.0,17.24,0.0,0.0,0.0,6.9,0.0,0.0,0.0,1
6.9,0.0,0.0,6.9,6.9,20.69,0.0,3.45,13.79,10.34,3.45,6.9,3.45,0.0,3.45,0.0,3.45,10.34,0.0,0.0,1
0.0,0.0,3.45,6.9,0.0,13.79,0.0,27.59,10.34,20.69,0.0,3.45,0.0,0.0,0.0,0.0,3.45,10.34,0.0,0.0,1
24.14,3.45,0.0,6.9,0.0,0.0,0.0,6.9,48.28,0.0,0.0,0.0,3.45,0.0,0.0,0.0,0.0,6.9,0.0,0.0,1
13.79,0.0,0.0,0.0,0.0,3.45,6.9,6.9,3.45,20.69,0.0,0.0,3.45,0.0,13.79,3.45,3.45,0.0,13.79,6.9,1
27.59,0.0,0.0,0.0,0.0,0.0,0.0,0.0,44.83,0.0,0.0,0.0,10.34,0.0,0.0,0.0,0.0,17.24,0.0,0.0,1
0.0,0.0,3.45,3.45,0.0,3.45,0.0,0.0,34.48,10.34,0.0,0.0,0.0,0.0,3.45,0.0,3.45,37.93,0.0,0.0,1
0.0,0.0,0.0,0.0,3.45,13.79,0.0,0.0,0.0,0.0,3.45,0.0,0.0,0.0,37.93,0.0,0.0,41.38,0.0,0.0,1
44.83,0.0,0.0,0.0,0.0,3.45,0.0,0.0,41.38,0.0,0.0,0.0,10.34,0.0,0.0,0.0,0.0,0.0,0.0,0.0,1
0.0,0.0,0.0,0.0,3.45,0.0,0.0,6.9,27.59,10.34,0.0,13.79,0.0,0.0,6.9,0.0,3.45,24.14,0.0,3.45,1
13.33,0.0,0.0,6.67,0.0,10.0,0.0,6.67,13.33,16.67,0.0,0.0,3.33,0.0,10.0,3.33,0.0,13.33,3.33,0.0,1
13.33,0.0,3.33,0.0,0.0,10.0,0.0,6.67,3.33,13.33,3.33,0.0,0.0,3.33,20.0,3.33,3.33,13.33,3.33,0.0,1
10.0,0.0,3.33,0.0,0.0,10.0,0.0,6.67,0.0,20.0,3.33,0.0,0.0,3.33,23.33,3.33,3.33,10.0,3.33,0.0,1
10.0,3.33,0.0,0.0,6.67,3.33,0.0,3.33,3.33,10.0,6.67,3.33,20.0,0.0,10.0,0.0,13.33,6.67,0.0,0.0,1
23.33,0.0,0.0,3.33,0.0,6.67,0.0,6.67,0.0,10.0,10.0,3.33,0.0,0.0,13.33,6.67,0.0,13.33,3.33,0.0,1
3.33,3.33,3.33,0.0,0.0,6.67,3.33,30.0,13.33,10.0,0.0,0.0,0.0,3.33,3.33,0.0,3.33,6.67,6.67,3.33,1
13.33,0.0,0.0,3.33,6.67,3.33,3.33,6.67,16.67,3.33,10.0,6.67,0.0,3.33,3.33,6.67,3.33,0.0,3.33,6.67,1
10.0,0.0,0.0,10.0,0.0,0.0,10.0,33.33,16.67,10.0,0.0,0.0,3.33,0.0,0.0,0.0,0.0,6.67,0.0,0.0,1
33.33,3.33,0.0,0.0,0.0,6.67,0.0,0.0,0.0,56.67,0.0,0.0,0.0,0.0,0.0,0.0,0.0,0.0,0.0,0.0,1
10.0,0.0,0.0,0.0,0.0,10.0,0.0,6.67,0.0,20.0,3.33,3.33,0.0,3.33,23.33,3.33,3.33,10.0,3.33,0.0,1
16.67,0.0,0.0,0.0,3.33,3.33,0.0,0.0,6.67,23.33,13.33,0.0,3.33,0.0,10.0,3.33,0.0,16.67,0.0,0.0,1
0.0,0.0,0.0,0.0,3.33,0.0,0.0,6.67,0.0,6.67,3.33,0.0,0.0,3.33,36.67,0.0,3.33,33.33,3.33,0.0,1
10.0,3.33,0.0,0.0,6.67,0.0,0.0,3.33,6.67,23.33,3.33,0.0,6.67,0.0,10.0,3.33,0.0,20.0,3.33,0.0,1
3.33,0.0,6.67,0.0,0.0,3.33,0.0,10.0,16.67,3.33,0.0,3.33,6.67,0.0,6.67,10.0,6.67,20.0,0.0,3.33,1
10.0,0.0,0.0,0.0,0.0,3.33,0.0,0.0,6.67,33.33,0.0,0.0,3.33,0.0,10.0,3.33,6.67,16.67,0.0,6.67,1
6.67,0.0,3.33,6.67,0.0,10.0,0.0,10.0,13.33,16.67,0.0,6.67,0.0,0.0,16.67,0.0,0.0,3.33,0.0,6.67,1
6.67,0.0,6.67,3.33,0.0,6.67,0.0,6.67,16.67,20.0,0.0,3.33,0.0,3.33,16.67,0.0,0.0,3.33,0.0,6.67,1
3.33,0.0,3.33,6.67,0.0,10.0,0.0,6.67,10.0,20.0,0.0,0.0,0.0,3.33,20.0,0.0,6.67,3.33,0.0,6.67,1
3.33,0.0,6.67,3.33,0.0,3.33,0.0,3.33,16.67,16.67,0.0,6.67,0.0,3.33,16.67,0.0,3.33,10.0,0.0,6.67,1
0.0,0.0,3.33,0.0,3.33,10.0,0.0,0.0,0.0,6.67,0.0,0.0,0.0,0.0,26.67,13.33,0.0,33.33,0.0,3.33,1
3.33,23.33,0.0,0.0,3.33,3.33,0.0,0.0,3.33,0.0,3.33,0.0,0.0,0.0,23.33,0.0,0.0,36.67,0.0,0.0,1
0.0,0.0,0.0,0.0,0.0,0.0,0.0,13.33,50.0,0.0,36.67,0.0,0.0,0.0,0.0,0.0,0.0,0.0,0.0,0.0,1
29.03,0.0,9.68,3.23,3.23,12.9,0.0,6.45,12.9,0.0,9.68,0.0,0.0,0.0,9.68,0.0,0.0,3.23,0.0,0.0,1
9.68,0.0,0.0,6.45,6.45,0.0,3.23,12.9,6.45,12.9,3.23,0.0,0.0,3.23,6.45,0.0,0.0,22.58,6.45,0.0,1
0.0,0.0,9.68,3.23,9.68,6.45,0.0,6.45,19.35,9.68,0.0,0.0,6.45,0.0,12.9,0.0,3.23,0.0,3.23,9.68,1
19.35,6.45,0.0,3.23,0.0,19.35,0.0,6.45,6.45,12.9,0.0,0.0,9.68,0.0,6.45,0.0,9.68,0.0,0.0,0.0,1
3.23,0.0,0.0,0.0,9.68,6.45,6.45,45.16,6.45,6.45,0.0,0.0,0.0,0.0,3.23,3.23,3.23,3.23,0.0,3.23,1
3.23,0.0,0.0,0.0,0.0,22.58,0.0,3.23,16.13,0.0,0.0,9.68,19.35,3.23,9.68,6.45,3.23,0.0,0.0,3.23,1
9.68,0.0,0.0,3.23,3.23,3.23,0.0,12.9,12.9,6.45,3.23,9.68,6.45,3.23,3.23,0.0,3.23,0.0,6.45,12.9,1
0.0,0.0,0.0,6.45,0.0,0.0,0.0,22.58,29.03,3.23,3.23,3.23,0.0,0.0,9.68,3.23,3.23,12.9,3.23,0.0,1
9.68,0.0,6.45,3.23,0.0,6.45,0.0,6.45,12.9,19.35,0.0,0.0,0.0,0.0,22.58,0.0,0.0,6.45,0.0,6.45,1
0.0,0.0,3.23,0.0,0.0,9.68,0.0,9.68,9.68,19.35,3.23,3.23,3.23,3.23,9.68,0.0,9.68,16.13,0.0,0.0,1
22.58,0.0,0.0,0.0,0.0,9.68,3.23,6.45,12.9,0.0,3.23,0.0,0.0,0.0,9.68,0.0,3.23,25.81,0.0,3.23,1
6.45,0.0,0.0,6.45,0.0,3.23,0.0,6.45,19.35,12.9,3.23,3.23,6.45,0.0,6.45,9.68,6.45,9.68,0.0,0.0,1
0.0,0.0,0.0,6.45,0.0,0.0,0.0,0.0,25.81,3.23,0.0,0.0,0.0,0.0,12.9,0.0,0.0,51.61,0.0,0.0,1
3.23,0.0,6.45,0.0,0.0,0.0,3.23,9.68,32.26,3.23,0.0,3.23,0.0,0.0,0.0,0.0,9.68,29.03,0.0,0.0,1
38.71,0.0,0.0,0.0,0.0,6.45,0.0,0.0,45.16,0.0,0.0,0.0,9.68,0.0,0.0,0.0,0.0,0.0,0.0,0.0,1
0.0,0.0,0.0,0.0,0.0,3.23,3.23,25.81,25.81,3.23,0.0,9.68,0.0,0.0,0.0,6.45,3.23,3.23,12.9,3.23,1
12.5,0.0,0.0,6.25,3.12,6.25,6.25,6.25,15.62,3.12,3.12,0.0,3.12,0.0,9.38,0.0,3.12,6.25,3.12,12.5,1
9.38,0.0,0.0,3.12,15.62,0.0,0.0,12.5,12.5,12.5,0.0,3.12,0.0,0.0,3.12,0.0,0.0,21.88,0.0,6.25,1
15.62,0.0,6.25,0.0,3.12,12.5,0.0,12.5,6.25,18.75,0.0,3.12,6.25,0.0,3.12,6.25,3.12,3.12,0.0,0.0,1
6.25,0.0,6.25,6.25,0.0,3.12,6.25,3.12,6.25,15.62,0.0,0.0,3.12,0.0,15.62,6.25,3.12,12.5,0.0,6.25,1
21.88,3.12,0.0,0.0,0.0,15.62,6.25,6.25,6.25,15.62,3.12,0.0,0.0,0.0,6.25,6.25,0.0,6.25,3.12,0.0,1
15.62,0.0,3.12,0.0,0.0,3.12,0.0,21.88,12.5,6.25,0.0,6.25,0.0,0.0,3.12,0.0,6.25,12.5,9.38,0.0,1
0.0,0.0,0.0,0.0,3.12,15.62,0.0,3.12,0.0,15.62,3.12,0.0,0.0,0.0,28.12,0.0,0.0,28.12,3.12,0.0,1
0.0,0.0,0.0,0.0,0.0,3.12,0.0,21.88,53.12,9.38,0.0,0.0,0.0,0.0,0.0,3.12,9.38,0.0,0.0,0.0,1
6.25,0.0,3.12,0.0,0.0,3.12,0.0,18.75,18.75,6.25,3.12,6.25,3.12,0.0,0.0,6.25,0.0,15.62,6.25,3.12,1
9.38,6.25,3.12,0.0,3.12,15.62,3.12,0.0,6.25,6.25,0.0,6.25,0.0,6.25,3.12,18.75,0.0,6.25,3.12,3.12,1
31.25,0.0,0.0,0.0,12.5,6.25,3.12,3.12,0.0,9.38,0.0,3.12,3.12,0.0,18.75,0.0,6.25,0.0,0.0,3.12,1
9.38,0.0,0.0,6.25,9.38,6.25,0.0,9.38,0.0,15.62,3.12,0.0,3.12,0.0,25.0,3.12,0.0,9.38,0.0,0.0,1
12.5,0.0,0.0,6.25,3.12,3.12,0.0,3.12,6.25,15.62,6.25,0.0,0.0,0.0,25.0,6.25,0.0,12.5,0.0,0.0,1
9.38,0.0,0.0,6.25,6.25,3.12,0.0,6.25,3.12,12.5,9.38,0.0,0.0,0.0,28.12,3.12,0.0,9.38,3.12,0.0,1
9.38,0.0,0.0,6.25,9.38,3.12,0.0,3.12,9.38,15.62,3.12,0.0,0.0,0.0,21.88,3.12,0.0,12.5,3.12,0.0,1
0.0,0.0,3.12,3.12,9.38,3.12,0.0,31.25,9.38,12.5,0.0,12.5,0.0,0.0,3.12,3.12,0.0,3.12,0.0,6.25,1
18.75,0.0,3.12,3.12,3.12,3.12,3.12,12.5,6.25,12.5,3.12,0.0,3.12,0.0,6.25,3.12,0.0,15.62,0.0,3.12,1
12.5,0.0,3.12,0.0,6.25,3.12,3.12,6.25,15.62,9.38,0.0,0.0,3.12,6.25,9.38,0.0,18.75,0.0,0.0,3.12,1
0.0,0.0,0.0,3.12,3.12,18.75,0.0,6.25,0.0,6.25,3.12,0.0,0.0,0.0,21.88,3.12,3.12,31.25,0.0,0.0,1
0.0,0.0,0.0,3.12,0.0,0.0,0.0,12.5,37.5,9.38,12.5,3.12,0.0,3.12,0.0,0.0,0.0,18.75,0.0,0.0,1
36.36,0.0,0.0,0.0,0.0,3.03,0.0,3.03,42.42,0.0,0.0,0.0,6.06,0.0,0.0,0.0,3.03,6.06,0.0,0.0,1
0.0,0.0,9.09,3.03,9.09,6.06,3.03,6.06,21.21,9.09,0.0,0.0,6.06,0.0,9.09,0.0,3.03,0.0,6.06,9.09,1
0.0,3.03,3.03,3.03,6.06,9.09,3.03,33.33,9.09,6.06,0.0,0.0,0.0,6.06,3.03,0.0,3.03,6.06,3.03,3.03,1
3.03,0.0,6.06,0.0,0.0,18.18,0.0,0.0,15.15,6.06,3.03,6.06,3.03,0.0,12.12,12.12,0.0,9.09,3.03,3.03,1
6.06,0.0,3.03,6.06,0.0,6.06,3.03,3.03,27.27,6.06,0.0,3.03,9.09,6.06,3.03,0.0,0.0,18.18,0.0,0.0,1
3.03,9.09,6.06,3.03,0.0,15.15,6.06,3.03,12.12,0.0,0.0,6.06,9.09,0.0,9.09,6.06,0.0,6.06,3.03,3.03,1
15.15,0.0,3.03,3.03,0.0,3.03,0.0,24.24,9.09,18.18,3.03,3.03,3.03,3.03,6.06,0.0,0.0,3.03,0.0,3.03,1
12.12,0.0,6.06,0.0,0.0,9.09,3.03,24.24,3.03,24.24,0.0,0.0,3.03,0.0,6.06,0.0,3.03,0.0,0.0,6.06,1
12.12,0.0,0.0,0.0,3.03,6.06,0.0,6.06,3.03,15.15,0.0,0.0,9.09,0.0,21.21,6.06,6.06,6.06,0.0,6.06,1
6.06,3.03,0.0,0.0,3.03,9.09,3.03,0.0,6.06,3.03,9.09,0.0,9.09,3.03,6.06,9.09,18.18,9.09,3.03,0.0,1
9.09,0.0,0.0,0.0,3.03,6.06,0.0,6.06,9.09,21.21,3.03,0.0,3.03,6.06,15.15,6.06,6.06,3.03,0.0,3.03,1
0.0,3.03,0.0,0.0,0.0,0.0,0.0,0.0,0.0,96.97,0.0,0.0,0.0,0.0,0.0,0.0,0.0,0.0,0.0,0.0,1
15.15,0.0,3.03,0.0,3.03,9.09,0.0,9.09,9.09,6.06,6.06,3.03,3.03,0.0,21.21,3.03,0.0,6.06,0.0,3.03,1
3.03,0.0,6.06,0.0,0.0,6.06,3.03,6.06,0.0,42.42,3.03,0.0,0.0,0.0,18.18,0.0,0.0,12.12,0.0,0.0,1
6.06,0.0,0.0,3.03,0.0,9.09,0.0,0.0,9.09,3.03,24.24,0.0,9.09,0.0,18.18,3.03,9.09,6.06,0.0,0.0,1
12.12,0.0,3.03,0.0,0.0,6.06,3.03,3.03,0.0,3.03,6.06,3.03,12.12,0.0,15.15,3.03,21.21,6.06,3.03,0.0,1
9.09,0.0,0.0,3.03,0.0,9.09,0.0,0.0,15.15,9.09,0.0,0.0,12.12,0.0,3.03,6.06,9.09,21.21,3.03,0.0,1
9.09,0.0,0.0,3.03,0.0,12.12,3.03,15.15,15.15,6.06,15.15,9.09,0.0,0.0,0.0,6.06,3.03,3.03,0.0,0.0,1
15.15,0.0,0.0,0.0,12.12,24.24,0.0,3.03,6.06,6.06,0.0,0.0,0.0,0.0,12.12,0.0,6.06,12.12,3.03,0.0,1
0.0,3.03,3.03,0.0,3.03,15.15,0.0,3.03,21.21,6.06,3.03,9.09,6.06,0.0,0.0,6.06,3.03,15.15,0.0,3.03,1
11.76,0.0,0.0,5.88,5.88,26.47,0.0,5.88,5.88,5.88,2.94,0.0,0.0,0.0,5.88,2.94,8.82,5.88,0.0,5.88,1
11.76,0.0,0.0,5.88,2.94,17.65,0.0,2.94,2.94,17.65,0.0,0.0,5.88,0.0,17.65,0.0,5.88,5.88,2.94,0.0,1
5.88,2.94,0.0,0.0,0.0,0.0,0.0,2.94,14.71,14.71,8.82,2.94,2.94,8.82,14.71,5.88,5.88,0.0,5.88,2.94,1
23.53,0.0,2.94,5.88,2.94,5.88,5.88,8.82,11.76,8.82,2.94,5.88,2.94,0.0,2.94,0.0,0.0,8.82,0.0,0.0,1
0.0,0.0,0.0,0.0,0.0,2.94,0.0,0.0,0.0,0.0,20.59,0.0,0.0,0.0,23.53,0.0,0.0,29.41,23.53,0.0,1
14.71,0.0,0.0,5.88,0.0,11.76,0.0,11.76,8.82,0.0,2.94,2.94,0.0,5.88,14.71,0.0,0.0,20.59,0.0,0.0,1
5.88,0.0,5.88,8.82,0.0,11.76,0.0,2.94,14.71,14.71,2.94,0.0,2.94,0.0,5.88,5.88,0.0,8.82,2.94,5.88,1
20.59,0.0,2.94,5.88,8.82,2.94,2.94,2.94,0.0,20.59,5.88,0.0,8.82,0.0,11.76,0.0,2.94,2.94,0.0,0.0,1
0.0,0.0,5.88,0.0,0.0,5.88,0.0,5.88,8.82,20.59,5.88,2.94,5.88,0.0,11.76,2.94,2.94,20.59,0.0,0.0,1
38.24,0.0,0.0,0.0,0.0,0.0,0.0,0.0,41.18,0.0,0.0,0.0,17.65,0.0,0.0,0.0,0.0,2.94,0.0,0.0,1
11.76,2.94,0.0,0.0,0.0,17.65,0.0,0.0,8.82,32.35,2.94,0.0,2.94,0.0,11.76,0.0,0.0,2.94,2.94,2.94,1
14.71,0.0,2.94,0.0,0.0,5.88,0.0,5.88,5.88,23.53,5.88,0.0,0.0,2.94,17.65,2.94,0.0,5.88,2.94,2.94,1
11.76,0.0,2.94,14.71,5.88,2.94,0.0,2.94,8.82,14.71,0.0,2.94,2.94,0.0,20.59,2.94,2.94,2.94,0.0,0.0,1
0.0,0.0,0.0,0.0,0.0,0.0,0.0,0.0,0.0,100.0,0.0,0.0,0.0,0.0,0.0,0.0,0.0,0.0,0.0,0.0,1
8.82,2.94,2.94,5.88,0.0,17.65,2.94,2.94,8.82,17.65,8.82,0.0,0.0,0.0,5.88,0.0,8.82,5.88,0.0,0.0,1
2.94,0.0,0.0,0.0,0.0,0.0,0.0,44.12,17.65,14.71,0.0,0.0,0.0,2.94,8.82,0.0,2.94,2.94,2.94,0.0,1
5.88,0.0,0.0,0.0,2.94,5.88,0.0,2.94,8.82,8.82,5.88,0.0,11.76,2.94,17.65,2.94,5.88,5.88,5.88,5.88,1
14.71,0.0,2.94,0.0,2.94,14.71,0.0,2.94,5.88,0.0,5.88,2.94,8.82,2.94,5.88,0.0,8.82,11.76,2.94,5.88,1
20.59,0.0,0.0,5.88,2.94,2.94,0.0,8.82,11.76,5.88,2.94,2.94,0.0,0.0,8.82,2.94,2.94,11.76,0.0,8.82,1
2.94,0.0,0.0,0.0,0.0,8.82,0.0,0.0,0.0,0.0,0.0,0.0,0.0,0.0,35.29,2.94,0.0,41.18,8.82,0.0,1
50.0,0.0,0.0,0.0,0.0,0.0,0.0,0.0,38.24,0.0,0.0,0.0,11.76,0.0,0.0,0.0,0.0,0.0,0.0,0.0,1
41.18,0.0,0.0,0.0,0.0,0.0,0.0,0.0,41.18,0.0,0.0,0.0,14.71,0.0,0.0,0.0,0.0,2.94,0.0,0.0,1
40.0,0.0,0.0,0.0,0.0,0.0,0.0,0.0,42.86,0.0,0.0,0.0,17.14,0.0,0.0,0.0,0.0,0.0,0.0,0.0,1
2.86,0.0,0.0,0.0,2.86,14.29,0.0,2.86,0.0,8.57,0.0,0.0,0.0,0.0,34.29,2.86,0.0,31.43,0.0,0.0,1
0.0,0.0,0.0,2.86,2.86,0.0,0.0,17.14,48.57,11.43,2.86,2.86,0.0,0.0,0.0,0.0,0.0,11.43,0.0,0.0,1
5.71,2.86,0.0,0.0,8.57,5.71,2.86,0.0,5.71,22.86,0.0,0.0,2.86,2.86,17.14,0.0,2.86,11.43,5.71,2.86,1
22.86,0.0,5.71,11.43,2.86,14.29,0.0,0.0,22.86,8.57,2.86,2.86,2.86,0.0,0.0,0.0,0.0,2.86,0.0,0.0,1
11.43,0.0,2.86,5.71,0.0,11.43,0.0,11.43,8.57,2.86,0.0,0.0,0.0,5.71,17.14,2.86,5.71,14.29,0.0,0.0,1
0.0,0.0,0.0,0.0,0.0,17.14,0.0,2.86,20.0,5.71,0.0,5.71,14.29,2.86,2.86,5.71,5.71,8.57,0.0,8.57,1
0.0,0.0,5.71,2.86,0.0,2.86,0.0,14.29,28.57,22.86,0.0,5.71,0.0,0.0,2.86,0.0,0.0,0.0,0.0,14.29,1
5.71,0.0,5.71,0.0,5.71,0.0,0.0,5.71,0.0,8.57,2.86,0.0,2.86,2.86,37.14,0.0,0.0,17.14,2.86,2.86,1
0.0,0.0,0.0,0.0,2.86,0.0,0.0,2.86,45.71,34.29,5.71,0.0,0.0,2.86,2.86,2.86,0.0,0.0,0.0,0.0,1
17.14,0.0,0.0,2.86,2.86,5.71,0.0,5.71,11.43,17.14,2.86,2.86,2.86,8.57,2.86,5.71,2.86,8.57,0.0,0.0,1
0.0,0.0,0.0,0.0,0.0,0.0,0.0,0.0,0.0,100.0,0.0,0.0,0.0,0.0,0.0,0.0,0.0,0.0,0.0,0.0,1
5.71,0.0,2.86,5.71,0.0,0.0,0.0,8.57,22.86,8.57,0.0,8.57,0.0,0.0,0.0,2.86,2.86,28.57,0.0,2.86,1
0.0,0.0,0.0,0.0,0.0,0.0,0.0,45.71,22.86,8.57,11.43,0.0,0.0,2.86,5.71,2.86,0.0,0.0,0.0,0.0,1
22.86,0.0,0.0,0.0,11.43,5.71,0.0,0.0,5.71,5.71,5.71,2.86,0.0,2.86,14.29,2.86,2.86,11.43,2.86,2.86,1
14.29,0.0,0.0,5.71,8.57,8.57,0.0,0.0,8.57,11.43,5.71,2.86,0.0,2.86,11.43,8.57,0.0,5.71,0.0,5.71,1
0.0,11.43,0.0,2.86,0.0,5.71,2.86,2.86,11.43,8.57,2.86,2.86,8.57,8.57,2.86,0.0,14.29,8.57,2.86,2.86,1
0.0,0.0,2.86,0.0,0.0,0.0,0.0,0.0,34.29,0.0,8.57,0.0,0.0,0.0,2.86,5.71,0.0,45.71,0.0,0.0,1
2.86,0.0,2.86,5.71,2.86,5.71,0.0,17.14,14.29,14.29,14.29,0.0,0.0,0.0,2.86,0.0,5.71,8.57,2.86,0.0,1
2.86,0.0,2.86,2.86,2.86,11.43,0.0,11.43,17.14,11.43,2.86,14.29,0.0,2.86,2.86,8.57,2.86,0.0,0.0,2.86,1
0.0,2.86,0.0,0.0,2.86,2.86,0.0,17.14,20.0,28.57,2.86,8.57,0.0,0.0,0.0,8.57,5.71,0.0,0.0,0.0,1
11.11,0.0,2.78,5.56,8.33,11.11,2.78,5.56,5.56,13.89,5.56,0.0,2.78,2.78,11.11,2.78,2.78,2.78,0.0,2.78,1
0.0,0.0,2.78,16.67,0.0,0.0,0.0,22.22,27.78,5.56,0.0,5.56,0.0,8.33,8.33,0.0,2.78,0.0,0.0,0.0,1
5.56,0.0,0.0,0.0,2.78,25.0,0.0,2.78,2.78,25.0,0.0,0.0,0.0,0.0,11.11,2.78,2.78,19.44,0.0,0.0,1
8.33,0.0,0.0,0.0,5.56,25.0,0.0,2.78,0.0,33.33,0.0,0.0,0.0,0.0,13.89,2.78,0.0,8.33,0.0,0.0,1
8.33,0.0,0.0,0.0,8.33,27.78,0.0,2.78,2.78,25.0,0.0,0.0,0.0,2.78,11.11,0.0,2.78,8.33,0.0,0.0,1
25.0,0.0,2.78,5.56,0.0,0.0,0.0,8.33,25.0,0.0,0.0,0.0,0.0,8.33,22.22,2.78,0.0,0.0,0.0,0.0,1
0.0,0.0,0.0,0.0,0.0,0.0,0.0,38.89,16.67,16.67,8.33,2.78,2.78,5.56,2.78,2.78,0.0,2.78,0.0,0.0,1
0.0,0.0,0.0,0.0,0.0,0.0,0.0,47.22,19.44,5.56,13.89,0.0,0.0,0.0,2.78,0.0,0.0,11.11,0.0,0.0,1
2.78,2.78,2.78,2.78,0.0,11.11,5.56,5.56,2.78,5.56,5.56,0.0,2.78,2.78,25.0,2.78,2.78,2.78,5.56,8.33,1
19.44,0.0,2.78,2.78,0.0,8.33,5.56,2.78,5.56,13.89,8.33,0.0,2.78,0.0,13.89,5.56,2.78,5.56,0.0,0.0,1
22.22,0.0,11.11,0.0,0.0,11.11,0.0,2.78,2.78,13.89,2.78,0.0,0.0,0.0,19.44,5.56,0.0,0.0,2.78,5.56,1
0.0,0.0,0.0,0.0,0.0,0.0,0.0,2.78,0.0,94.44,0.0,2.78,0.0,0.0,0.0,0.0,0.0,0.0,0.0,0.0,1
2.78,0.0,0.0,0.0,2.78,13.89,5.56,2.78,2.78,13.89,2.78,0.0,8.33,2.78,16.67,8.33,5.56,8.33,0.0,2.78,1
11.11,0.0,0.0,2.78,5.56,2.78,0.0,0.0,0.0,2.78,5.56,2.78,22.22,0.0,16.67,8.33,16.67,2.78,0.0,0.0,1
0.0,0.0,0.0,2.78,0.0,5.56,0.0,0.0,5.56,0.0,0.0,0.0,0.0,0.0,41.67,2.78,0.0,41.67,0.0,0.0,1
0.0,0.0,0.0,0.0,2.78,0.0,16.67,50.0,8.33,0.0,0.0,0.0,0.0,2.78,5.56,11.11,0.0,2.78,0.0,0.0,1
5.56,0.0,0.0,0.0,2.78,0.0,2.78,13.89,16.67,36.11,0.0,0.0,0.0,0.0,8.33,0.0,5.56,2.78,0.0,5.56,1
0.0,0.0,0.0,0.0,0.0,19.44,0.0,0.0,5.56,13.89,2.78,0.0,0.0,0.0,16.67,5.56,0.0,36.11,0.0,0.0,1
8.33,2.78,0.0,2.78,0.0,5.56,0.0,13.89,16.67,5.56,0.0,8.33,8.33,5.56,5.56,2.78,0.0,2.78,2.78,8.33,1
0.0,11.11,8.33,5.56,5.56,13.89,0.0,2.78,11.11,5.56,0.0,2.78,5.56,2.78,5.56,5.56,0.0,8.33,0.0,5.56,1
13.89,5.56,8.33,0.0,5.56,13.89,0.0,2.78,2.78,13.89,0.0,0.0,5.56,0.0,19.44,2.78,2.78,2.78,0.0,0.0,1
18.92,2.7,0.0,5.41,2.7,13.51,2.7,0.0,10.81,2.7,2.7,2.7,5.41,5.41,2.7,2.7,2.7,8.11,2.7,5.41,1
5.41,0.0,0.0,8.11,0.0,5.41,0.0,5.41,29.73,10.81,0.0,13.51,2.7,0.0,13.51,0.0,0.0,5.41,0.0,0.0,1
43.24,0.0,0.0,0.0,0.0,0.0,0.0,0.0,35.14,0.0,0.0,0.0,13.51,0.0,0.0,0.0,5.41,2.7,0.0,0.0,1
8.11,0.0,0.0,5.41,2.7,10.81,0.0,2.7,2.7,2.7,5.41,0.0,5.41,0.0,13.51,2.7,16.22,10.81,2.7,8.11,1
5.41,0.0,0.0,2.7,2.7,0.0,0.0,0.0,24.32,24.32,2.7,0.0,5.41,2.7,0.0,5.41,0.0,24.32,0.0,0.0,1
5.41,0.0,0.0,2.7,0.0,35.14,0.0,2.7,0.0,0.0,0.0,0.0,0.0,0.0,13.51,2.7,0.0,37.84,0.0,0.0,1
8.11,0.0,13.51,2.7,2.7,5.41,0.0,2.7,21.62,5.41,2.7,5.41,0.0,0.0,2.7,0.0,0.0,21.62,5.41,0.0,1
10.81,0.0,2.7,5.41,0.0,8.11,5.41,10.81,5.41,8.11,0.0,2.7,5.41,2.7,10.81,10.81,2.7,0.0,2.7,5.41,1
8.11,0.0,2.7,0.0,2.7,13.51,2.7,10.81,8.11,5.41,0.0,2.7,0.0,8.11,8.11,0.0,0.0,27.03,0.0,0.0,1
18.92,0.0,2.7,5.41,0.0,8.11,2.7,10.81,8.11,10.81,0.0,2.7,0.0,8.11,13.51,2.7,0.0,0.0,0.0,5.41,1
10.81,0.0,0.0,0.0,0.0,2.7,2.7,2.7,48.65,13.51,0.0,2.7,0.0,2.7,0.0,5.41,2.7,5.41,0.0,0.0,1
0.0,0.0,0.0,2.7,0.0,0.0,0.0,21.62,45.95,10.81,8.11,2.7,0.0,0.0,0.0,0.0,5.41,2.7,0.0,0.0,1
5.41,8.11,2.7,2.7,0.0,5.41,2.7,2.7,13.51,0.0,2.7,5.41,18.92,2.7,8.11,8.11,2.7,5.41,0.0,2.7,1
5.41,2.7,2.7,5.41,0.0,13.51,2.7,5.41,0.0,10.81,0.0,2.7,0.0,2.7,16.22,5.41,2.7,21.62,0.0,0.0,1
8.11,0.0,0.0,0.0,8.11,18.92,0.0,2.7,0.0,5.41,2.7,0.0,2.7,5.41,13.51,2.7,13.51,5.41,10.81,0.0,1
0.0,0.0,0.0,0.0,2.7,2.7,0.0,0.0,2.7,56.76,0.0,0.0,0.0,0.0,18.92,0.0,0.0,13.51,2.7,0.0,1
2.7,2.7,2.7,0.0,0.0,5.41,0.0,0.0,2.7,54.05,0.0,0.0,0.0,0.0,16.22,0.0,0.0,10.81,0.0,2.7,1
16.22,5.41,2.7,2.7,0.0,2.7,0.0,2.7,2.7,5.41,5.41,0.0,0.0,2.7,16.22,5.41,10.81,13.51,2.7,2.7,1
13.51,0.0,8.11,8.11,0.0,0.0,0.0,8.11,29.73,5.41,0.0,5.41,8.11,0.0,2.7,0.0,2.7,8.11,0.0,0.0,1
5.41,2.7,2.7,2.7,2.7,5.41,2.7,16.22,18.92,2.7,2.7,8.11,2.7,2.7,0.0,2.7,5.41,8.11,0.0,5.41,1
16.22,5.41,2.7,2.7,2.7,5.41,0.0,0.0,13.51,2.7,0.0,2.7,5.41,5.41,8.11,8.11,5.41,8.11,5.41,0.0,1
7.89,2.63,2.63,2.63,2.63,18.42,0.0,7.89,13.16,5.26,0.0,0.0,5.26,0.0,2.63,10.53,5.26,13.16,0.0,0.0,1
15.79,0.0,0.0,2.63,0.0,7.89,0.0,0.0,0.0,18.42,2.63,2.63,0.0,0.0,26.32,0.0,0.0,23.68,0.0,0.0,1
5.26,0.0,0.0,10.53,5.26,0.0,0.0,2.63,26.32,7.89,7.89,5.26,2.63,0.0,5.26,2.63,2.63,10.53,0.0,5.26,1
21.05,0.0,0.0,0.0,0.0,0.0,0.0,2.63,50.0,0.0,0.0,0.0,5.26,0.0,0.0,0.0,2.63,18.42,0.0,0.0,1
0.0,0.0,0.0,2.63,0.0,0.0,0.0,10.53,42.11,5.26,31.58,5.26,0.0,2.63,0.0,0.0,0.0,0.0,0.0,0.0,1
2.63,0.0,2.63,0.0,10.53,10.53,5.26,2.63,2.63,10.53,0.0,2.63,0.0,0.0,15.79,10.53,5.26,5.26,7.89,5.26,1
7.89,0.0,2.63,5.26,0.0,2.63,0.0,7.89,7.89,7.89,2.63,0.0,18.42,2.63,18.42,0.0,5.26,10.53,0.0,0.0,1
7.89,2.63,2.63,5.26,2.63,10.53,0.0,2.63,18.42,13.16,0.0,5.26,7.89,0.0,0.0,10.53,2.63,7.89,0.0,0.0,1
7.89,0.0,0.0,10.53,5.26,5.26,0.0,10.53,26.32,10.53,0.0,5.26,0.0,0.0,2.63,2.63,0.0,5.26,2.63,5.26,1
18.42,0.0,0.0,0.0,0.0,23.68,0.0,0.0,5.26,5.26,2.63,7.89,0.0,2.63,7.89,7.89,2.63,13.16,0.0,2.63,1
7.89,0.0,5.26,0.0,7.89,5.26,2.63,5.26,2.63,10.53,2.63,2.63,5.26,2.63,18.42,0.0,0.0,7.89,5.26,7.89,1
2.63,0.0,2.63,2.63,0.0,10.53,0.0,10.53,10.53,10.53,10.53,10.53,0.0,2.63,7.89,5.26,2.63,2.63,2.63,5.26,1
5.26,2.63,7.89,0.0,7.89,13.16,0.0,15.79,5.26,2.63,0.0,7.89,2.63,5.26,10.53,0.0,0.0,10.53,0.0,2.63,1
2.63,0.0,0.0,0.0,0.0,0.0,0.0,31.58,28.95,2.63,15.79,2.63,0.0,2.63,0.0,5.26,2.63,5.26,0.0,0.0,1
10.53,0.0,0.0,2.63,7.89,7.89,0.0,5.26,5.26,7.89,0.0,2.63,2.63,10.53,15.79,0.0,2.63,7.89,7.89,2.63,1
7.89,0.0,0.0,5.26,2.63,7.89,7.89,5.26,2.63,7.89,2.63,2.63,7.89,0.0,21.05,0.0,2.63,7.89,2.63,5.26,1
5.26,0.0,5.26,0.0,2.63,18.42,2.63,0.0,5.26,2.63,2.63,0.0,15.79,0.0,15.79,5.26,10.53,5.26,0.0,2.63,1
2.63,0.0,2.63,0.0,10.53,13.16,0.0,5.26,5.26,13.16,0.0,5.26,0.0,0.0,13.16,7.89,5.26,2.63,7.89,5.26,1
7.89,0.0,2.63,0.0,10.53,2.63,2.63,2.63,7.89,13.16,0.0,0.0,0.0,0.0,13.16,13.16,0.0,10.53,7.89,5.26,1
2.63,5.26,2.63,2.63,5.26,7.89,13.16,0.0,10.53,0.0,0.0,2.63,7.89,5.26,5.26,2.63,5.26,5.26,7.89,7.89,1
0.0,0.0,5.26,5.26,2.63,0.0,0.0,26.32,26.32,5.26,0.0,0.0,0.0,0.0,5.26,7.89,0.0,13.16,0.0,2.63,1
15.38,0.0,0.0,0.0,0.0,7.69,7.69,5.13,10.26,10.26,5.13,2.56,0.0,10.26,5.13,0.0,7.69,7.69,0.0,5.13,1
15.38,0.0,10.26,5.13,2.56,5.13,2.56,10.26,17.95,5.13,0.0,2.56,5.13,0.0,5.13,0.0,2.56,5.13,2.56,2.56,1
15.38,0.0,2.56,2.56,2.56,15.38,2.56,5.13,2.56,15.38,0.0,0.0,7.69,2.56,10.26,5.13,0.0,5.13,2.56,2.56,1
7.69,7.69,0.0,2.56,2.56,7.69,5.13,0.0,7.69,5.13,0.0,15.38,10.26,2.56,2.56,10.26,2.56,2.56,0.0,7.69,1
20.51,0.0,0.0,0.0,0.0,0.0,0.0,0.0,51.28,0.0,0.0,0.0,0.0,0.0,0.0,0.0,2.56,25.64,0.0,0.0,1
7.69,2.56,0.0,2.56,5.13,2.56,2.56,0.0,7.69,2.56,15.38,2.56,12.82,2.56,12.82,5.13,7.69,5.13,0.0,2.56,1
10.26,0.0,5.13,2.56,7.69,2.56,0.0,5.13,15.38,2.56,2.56,2.56,2.56,5.13,7.69,2.56,7.69,10.26,0.0,7.69,1
0.0,0.0,0.0,5.13,2.56,0.0,0.0,23.08,28.21,25.64,10.26,0.0,0.0,2.56,0.0,2.56,0.0,0.0,0.0,0.0,1
2.56,0.0,0.0,0.0,12.82,10.26,0.0,2.56,5.13,7.69,2.56,0.0,5.13,2.56,10.26,23.08,12.82,2.56,0.0,0.0,1
17.95,0.0,5.13,2.56,7.69,2.56,5.13,7.69,0.0,2.56,5.13,0.0,0.0,10.26,25.64,0.0,2.56,0.0,5.13,0.0,1
5.13,2.56,2.56,10.26,2.56,7.69,0.0,7.69,12.82,5.13,2.56,2.56,0.0,2.56,12.82,10.26,0.0,7.69,0.0,5.13,1
7.69,0.0,0.0,10.26,0.0,12.82,2.56,5.13,12.82,0.0,0.0,0.0,7.69,2.56,7.69,2.56,2.56,15.38,0.0,10.26,1
0.0,0.0,2.56,0.0,0.0,28.21,0.0,0.0,23.08,0.0,0.0,0.0,0.0,0.0,2.56,5.13,2.56,0.0,0.0,35.9,1
0.0,0.0,0.0,0.0,0.0,0.0,0.0,48.72,25.64,7.69,7.69,0.0,0.0,2.56,2.56,0.0,0.0,2.56,0.0,2.56,1
17.95,0.0,0.0,0.0,2.56,0.0,5.13,5.13,12.82,7.69,12.82,5.13,2.56,0.0,5.13,7.69,5.13,10.26,0.0,0.0,1
2.56,5.13,5.13,0.0,5.13,7.69,2.56,7.69,12.82,2.56,0.0,10.26,7.69,0.0,5.13,2.56,7.69,2.56,7.69,5.13,1
10.26,0.0,5.13,2.56,2.56,7.69,5.13,5.13,10.26,5.13,2.56,2.56,12.82,2.56,7.69,0.0,2.56,5.13,5.13,5.13,1
0.0,0.0,0.0,5.13,0.0,0.0,0.0,0.0,38.46,7.69,5.13,2.56,0.0,2.56,0.0,0.0,0.0,38.46,0.0,0.0,1
7.69,0.0,0.0,0.0,5.13,10.26,2.56,7.69,12.82,10.26,0.0,2.56,0.0,0.0,2.56,10.26,7.69,17.95,0.0,2.56,1
28.21,0.0,0.0,0.0,0.0,2.56,0.0,5.13,7.69,5.13,5.13,0.0,5.13,2.56,7.69,7.69,7.69,12.82,2.56,0.0,1
5.13,2.56,7.69,2.56,2.56,12.82,2.56,12.82,15.38,2.56,0.0,2.56,5.13,0.0,2.56,0.0,5.13,12.82,0.0,5.13,1
0.0,0.0,0.0,0.0,0.0,15.38,0.0,0.0,5.13,17.95,0.0,0.0,0.0,0.0,25.64,2.56,0.0,33.33,0.0,0.0,1
0.0,0.0,0.0,2.56,15.38,10.26,2.56,10.26,5.13,5.13,2.56,0.0,10.26,5.13,12.82,2.56,5.13,0.0,5.13,5.13,1
0.0,0.0,0.0,0.0,5.13,0.0,0.0,25.64,51.28,2.56,5.13,0.0,0.0,2.56,0.0,0.0,0.0,5.13,0.0,2.56,1
0.0,0.0,0.0,0.0,0.0,0.0,0.0,0.0,33.33,2.56,30.77,0.0,0.0,0.0,0.0,0.0,0.0,33.33,0.0,0.0,1
7.5,2.5,0.0,5.0,0.0,12.5,2.5,0.0,2.5,10.0,2.5,2.5,2.5,2.5,20.0,5.0,0.0,20.0,2.5,0.0,1
50.0,0.0,0.0,0.0,0.0,0.0,0.0,0.0,0.0,50.0,0.0,0.0,0.0,0.0,0.0,0.0,0.0,0.0,0.0,0.0,1
15.0,0.0,2.5,0.0,2.5,5.0,0.0,10.0,10.0,5.0,7.5,0.0,17.5,0.0,10.0,7.5,2.5,5.0,0.0,0.0,1
12.5,0.0,5.0,10.0,0.0,10.0,0.0,5.0,12.5,17.5,0.0,2.5,0.0,2.5,10.0,2.5,0.0,7.5,2.5,0.0,1
10.0,5.0,0.0,0.0,7.5,7.5,5.0,0.0,7.5,17.5,2.5,5.0,0.0,2.5,15.0,0.0,5.0,7.5,0.0,2.5,1
0.0,0.0,0.0,15.0,0.0,30.0,0.0,0.0,17.5,27.5,5.0,0.0,0.0,0.0,5.0,0.0,0.0,0.0,0.0,0.0,1
10.0,0.0,0.0,2.5,2.5,15.0,0.0,7.5,7.5,10.0,10.0,5.0,0.0,2.5,10.0,5.0,2.5,7.5,0.0,2.5,1
12.5,0.0,0.0,0.0,0.0,25.0,0.0,0.0,0.0,2.5,0.0,2.5,0.0,0.0,25.0,17.5,5.0,7.5,0.0,2.5,1
2.5,0.0,0.0,7.5,2.5,10.0,10.0,5.0,12.5,10.0,2.5,2.5,0.0,5.0,2.5,2.5,5.0,12.5,5.0,2.5,1
15.0,2.5,2.5,0.0,7.5,10.0,0.0,10.0,10.0,7.5,0.0,0.0,0.0,0.0,2.5,5.0,17.5,5.0,2.5,2.5,1
0.0,0.0,0.0,0.0,0.0,0.0,0.0,17.5,40.0,10.0,22.5,2.5,0.0,0.0,0.0,5.0,0.0,0.0,0.0,2.5,1
22.5,0.0,0.0,0.0,7.5,2.5,0.0,2.5,7.5,20.0,0.0,0.0,7.5,0.0,12.5,5.0,2.5,7.5,0.0,2.5,1
2.5,2.5,0.0,5.0,5.0,2.5,5.0,0.0,7.5,2.5,7.5,0.0,10.0,0.0,5.0,22.5,7.5,12.5,2.5,0.0,1
12.5,2.5,2.5,5.0,0.0,15.0,0.0,2.5,12.5,17.5,2.5,2.5,0.0,0.0,0.0,5.0,2.5,15.0,2.5,0.0,1
5.0,0.0,5.0,2.5,5.0,7.5,2.5,0.0,5.0,2.5,0.0,15.0,15.0,2.5,5.0,10.0,2.5,10.0,0.0,5.0,1
10.0,0.0,0.0,0.0,2.5,7.5,0.0,2.5,5.0,2.5,20.0,0.0,12.5,5.0,20.0,2.5,2.5,5.0,0.0,2.5,1
30.0,0.0,0.0,0.0,0.0,5.0,0.0,12.5,10.0,5.0,0.0,0.0,10.0,2.5,7.5,5.0,7.5,5.0,0.0,0.0,1
7.5,0.0,2.5,2.5,2.5,5.0,0.0,7.5,15.0,12.5,0.0,2.5,2.5,15.0,2.5,2.5,0.0,15.0,0.0,5.0,1
0.0,0.0,0.0,0.0,12.5,7.5,0.0,2.5,0.0,2.5,0.0,0.0,0.0,0.0,30.0,0.0,0.0,37.5,5.0,2.5,1
0.0,10.0,0.0,5.0,0.0,17.5,2.5,2.5,10.0,5.0,2.5,2.5,2.5,0.0,2.5,7.5,7.5,20.0,0.0,2.5,1
19.51,0.0,7.32,2.44,0.0,2.44,0.0,9.76,2.44,14.63,0.0,0.0,2.44,0.0,19.51,0.0,7.32,2.44,4.88,4.88,1
4.88,2.44,0.0,7.32,4.88,12.2,0.0,9.76,14.63,9.76,2.44,12.2,2.44,2.44,2.44,4.88,0.0,4.88,0.0,2.44,1
12.2,2.44,9.76,0.0,2.44,2.44,0.0,17.07,12.2,9.76,0.0,7.32,0.0,2.44,12.2,2.44,0.0,4.88,2.44,0.0,1
19.51,0.0,4.88,0.0,0.0,14.63,2.44,0.0,2.44,14.63,0.0,4.88,2.44,0.0,7.32,7.32,14.63,2.44,0.0,2.44,1
7.32,0.0,2.44,2.44,12.2,7.32,4.88,2.44,9.76,9.76,0.0,2.44,7.32,0.0,4.88,12.2,9.76,0.0,0.0,4.88,1
0.0,0.0,2.44,12.2,4.88,2.44,2.44,9.76,19.51,17.07,2.44,4.88,0.0,2.44,2.44,4.88,4.88,0.0,2.44,4.88,1
9.76,2.44,0.0,2.44,2.44,9.76,0.0,2.44,0.0,4.88,2.44,4.88,14.63,2.44,9.76,9.76,14.63,4.88,0.0,2.44,1
2.44,0.0,2.44,2.44,0.0,9.76,0.0,9.76,9.76,9.76,9.76,9.76,0.0,4.88,7.32,4.88,2.44,4.88,2.44,7.32,1
19.51,0.0,0.0,2.44,0.0,2.44,0.0,2.44,19.51,14.63,2.44,0.0,0.0,0.0,7.32,2.44,0.0,26.83,0.0,0.0,1
0.0,0.0,0.0,0.0,0.0,0.0,0.0,39.02,29.27,2.44,14.63,0.0,0.0,0.0,4.88,0.0,0.0,9.76,0.0,0.0,1
2.44,0.0,0.0,0.0,0.0,0.0,0.0,21.95,19.51,12.2,17.07,2.44,0.0,0.0,7.32,0.0,12.2,4.88,0.0,0.0,1
2.44,0.0,2.44,0.0,0.0,2.44,0.0,2.44,2.44,36.59,7.32,0.0,2.44,2.44,26.83,0.0,0.0,9.76,2.44,0.0,1
0.0,0.0,0.0,0.0,0.0,0.0,0.0,0.0,12.2,51.22,7.32,0.0,4.88,2.44,17.07,0.0,2.44,2.44,0.0,0.0,1
2.44,2.44,0.0,2.44,2.44,4.88,0.0,4.88,7.32,7.32,9.76,4.88,9.76,2.44,9.76,7.32,12.2,2.44,4.88,2.44,1
4.88,0.0,4.88,7.32,7.32,9.76,0.0,2.44,14.63,4.88,0.0,4.88,0.0,4.88,17.07,2.44,0.0,12.2,0.0,2.44,1
4.88,0.0,0.0,2.44,0.0,0.0,0.0,7.32,46.34,0.0,4.88,0.0,0.0,0.0,2.44,2.44,0.0,29.27,0.0,0.0,1
17.07,0.0,2.44,0.0,4.88,17.07,0.0,9.76,7.32,9.76,2.44,0.0,0.0,0.0,2.44,4.88,4.88,17.07,0.0,0.0,1
12.2,4.88,0.0,2.44,2.44,4.88,2.44,0.0,2.44,19.51,0.0,4.88,2.44,2.44,17.07,2.44,7.32,0.0,2.44,9.76,1
17.07,0.0,2.44,7.32,0.0,4.88,2.44,2.44,7.32,17.07,0.0,2.44,2.44,0.0,9.76,0.0,4.88,17.07,2.44,0.0,1
9.76,7.32,0.0,4.88,2.44,4.88,0.0,7.32,2.44,0.0,9.76,4.88,2.44,0.0,17.07,2.44,9.76,9.76,0.0,4.88,1
4.88,0.0,0.0,2.44,0.0,29.27,0.0,2.44,2.44,0.0,4.88,0.0,0.0,0.0,24.39,4.88,0.0,19.51,2.44,2.44,1
0.0,0.0,14.63,4.88,4.88,17.07,0.0,9.76,24.39,9.76,2.44,2.44,2.44,0.0,0.0,0.0,2.44,4.88,0.0,0.0,1
7.32,7.32,4.88,2.44,2.44,4.88,0.0,7.32,2.44,0.0,9.76,4.88,2.44,0.0,17.07,2.44,9.76,9.76,0.0,4.88,1
4.76,0.0,2.38,0.0,2.38,7.14,0.0,0.0,4.76,9.52,9.52,0.0,11.9,0.0,16.67,14.29,4.76,11.9,0.0,0.0,1
50.0,0.0,0.0,0.0,0.0,0.0,0.0,0.0,0.0,50.0,0.0,0.0,0.0,0.0,0.0,0.0,0.0,0.0,0.0,0.0,1
4.76,4.76,2.38,2.38,11.9,7.14,0.0,4.76,0.0,2.38,4.76,0.0,9.52,0.0,11.9,16.67,9.52,2.38,0.0,4.76,1
11.9,7.14,2.38,2.38,4.76,4.76,0.0,4.76,7.14,4.76,2.38,0.0,9.52,0.0,7.14,14.29,9.52,7.14,0.0,0.0,1
16.67,0.0,2.38,2.38,4.76,9.52,4.76,7.14,2.38,4.76,0.0,9.52,2.38,2.38,7.14,4.76,2.38,7.14,2.38,7.14,1
7.14,4.76,4.76,0.0,0.0,11.9,0.0,11.9,7.14,2.38,0.0,9.52,4.76,0.0,4.76,4.76,4.76,21.43,0.0,0.0,1
7.14,7.14,4.76,9.52,7.14,4.76,2.38,7.14,7.14,14.29,0.0,4.76,0.0,2.38,11.9,0.0,2.38,7.14,0.0,0.0,1
14.29,0.0,4.76,4.76,2.38,7.14,0.0,2.38,0.0,16.67,0.0,2.38,0.0,11.9,21.43,0.0,2.38,4.76,2.38,2.38,1
4.76,11.9,7.14,7.14,9.52,9.52,2.38,0.0,7.14,0.0,2.38,0.0,9.52,4.76,9.52,2.38,2.38,7.14,0.0,2.38,1
0.0,4.76,0.0,2.38,0.0,2.38,2.38,0.0,0.0,4.76,2.38,0.0,0.0,0.0,33.33,2.38,0.0,40.48,2.38,2.38,1
2.38,2.38,4.76,2.38,4.76,9.52,0.0,0.0,11.9,4.76,4.76,4.76,7.14,0.0,4.76,7.14,9.52,2.38,2.38,14.29,1
4.76,11.9,0.0,2.38,4.76,19.05,0.0,7.14,14.29,9.52,0.0,4.76,4.76,0.0,4.76,0.0,2.38,7.14,2.38,0.0,1
4.76,11.9,0.0,2.38,2.38,16.67,0.0,7.14,16.67,11.9,0.0,4.76,4.76,0.0,4.76,0.0,2.38,7.14,2.38,0.0,1
14.29,2.38,0.0,2.38,2.38,4.76,2.38,0.0,4.76,4.76,11.9,2.38,2.38,2.38,7.14,14.29,9.52,7.14,2.38,2.38,1
2.38,7.14,7.14,4.76,4.76,9.52,0.0,4.76,11.9,9.52,0.0,4.76,0.0,2.38,7.14,4.76,0.0,9.52,4.76,4.76,1
0.0,2.38,4.76,0.0,4.76,11.9,2.38,4.76,14.29,0.0,4.76,7.14,2.38,4.76,4.76,4.76,7.14,2.38,4.76,11.9,1
14.29,0.0,0.0,0.0,4.76,2.38,11.9,9.52,4.76,7.14,2.38,0.0,4.76,2.38,9.52,2.38,4.76,11.9,0.0,7.14,1
11.9,7.14,4.76,0.0,2.38,16.67,4.76,4.76,2.38,2.38,0.0,7.14,7.14,4.76,4.76,2.38,9.52,2.38,0.0,4.76,1
2.38,0.0,2.38,2.38,2.38,2.38,0.0,2.38,28.57,40.48,2.38,2.38,2.38,0.0,4.76,0.0,0.0,4.76,0.0,0.0,1
16.67,0.0,2.38,2.38,0.0,9.52,2.38,0.0,2.38,14.29,2.38,2.38,2.38,2.38,28.57,0.0,0.0,9.52,2.38,0.0,1
4.76,0.0,4.76,2.38,2.38,11.9,4.76,4.76,7.14,2.38,2.38,2.38,11.9,7.14,9.52,0.0,4.76,7.14,4.76,4.76,1
21.43,0.0,0.0,7.14,2.38,11.9,2.38,4.76,2.38,14.29,0.0,0.0,0.0,0.0,21.43,0.0,4.76,4.76,2.38,0.0,1
4.76,0.0,0.0,0.0,0.0,4.76,2.38,7.14,7.14,7.14,9.52,9.52,11.9,2.38,14.29,4.76,0.0,9.52,4.76,0.0,1
4.76,0.0,4.76,2.38,2.38,4.76,0.0,28.57,9.52,14.29,0.0,2.38,2.38,4.76,4.76,0.0,0.0,9.52,0.0,4.76,1
21.43,2.38,0.0,0.0,2.38,4.76,2.38,2.38,0.0,4.76,2.38,0.0,7.14,0.0,9.52,14.29,9.52,4.76,4.76,7.14,1
0.0,0.0,0.0,2.38,0.0,0.0,0.0,9.52,33.33,23.81,21.43,0.0,0.0,0.0,0.0,9.52,0.0,0.0,0.0,0.0,1
9.3,2.33,2.33,2.33,4.65,11.63,2.33,11.63,6.98,9.3,0.0,0.0,2.33,2.33,9.3,4.65,6.98,9.3,0.0,2.33,1
27.91,0.0,2.33,0.0,0.0,9.3,2.33,0.0,4.65,9.3,2.33,0.0,4.65,0.0,11.63,6.98,4.65,11.63,0.0,2.33,1
4.65,2.33,6.98,0.0,6.98,6.98,0.0,9.3,11.63,4.65,4.65,9.3,4.65,0.0,4.65,9.3,2.33,6.98,0.0,4.65,1
37.21,0.0,0.0,2.33,0.0,0.0,0.0,2.33,13.95,4.65,0.0,2.33,4.65,0.0,16.28,0.0,2.33,9.3,4.65,0.0,1
13.95,2.33,2.33,2.33,2.33,0.0,2.33,9.3,11.63,13.95,2.33,2.33,4.65,2.33,4.65,2.33,11.63,9.3,0.0,0.0,1
9.3,2.33,0.0,0.0,9.3,27.91,0.0,4.65,2.33,4.65,0.0,0.0,2.33,0.0,4.65,4.65,4.65,16.28,2.33,4.65,1
2.33,11.63,0.0,6.98,2.33,9.3,0.0,6.98,6.98,2.33,9.3,9.3,4.65,2.33,6.98,6.98,4.65,0.0,4.65,2.33,1
4.65,0.0,2.33,2.33,4.65,13.95,0.0,6.98,9.3,6.98,2.33,0.0,0.0,6.98,11.63,2.33,0.0,11.63,2.33,11.63,1
0.0,4.65,0.0,4.65,0.0,4.65,0.0,6.98,25.58,4.65,2.33,9.3,6.98,6.98,2.33,4.65,4.65,9.3,2.33,0.0,1
20.93,0.0,2.33,0.0,0.0,18.6,0.0,0.0,4.65,9.3,2.33,2.33,4.65,4.65,9.3,2.33,2.33,16.28,0.0,0.0,1
13.95,0.0,2.33,9.3,2.33,9.3,2.33,0.0,6.98,18.6,2.33,2.33,2.33,0.0,11.63,2.33,2.33,9.3,0.0,2.33,1
18.6,0.0,4.65,2.33,4.65,13.95,2.33,2.33,6.98,11.63,0.0,2.33,0.0,9.3,9.3,0.0,0.0,9.3,0.0,2.33,1
0.0,2.33,0.0,2.33,6.98,13.95,0.0,6.98,9.3,2.33,6.98,6.98,2.33,6.98,6.98,9.3,2.33,4.65,2.33,6.98,1
2.33,6.98,2.33,0.0,0.0,20.93,0.0,2.33,4.65,6.98,4.65,6.98,6.98,4.65,4.65,2.33,9.3,4.65,2.33,6.98,1
0.0,0.0,0.0,0.0,2.33,0.0,0.0,51.16,25.58,9.3,2.33,0.0,2.33,0.0,0.0,2.33,4.65,0.0,0.0,0.0,1
0.0,0.0,0.0,0.0,4.65,2.33,0.0,25.58,25.58,18.6,4.65,2.33,0.0,11.63,0.0,2.33,0.0,2.33,0.0,0.0,1
11.63,0.0,0.0,0.0,2.33,9.3,2.33,6.98,9.3,20.93,2.33,0.0,0.0,0.0,16.28,2.33,4.65,11.63,0.0,0.0,1
16.28,0.0,2.33,0.0,0.0,25.58,0.0,4.65,2.33,0.0,0.0,0.0,11.63,0.0,0.0,4.65,4.65,27.91,0.0,0.0,1
0.0,0.0,2.33,0.0,2.33,0.0,0.0,0.0,0.0,4.65,0.0,0.0,0.0,0.0,44.19,2.33,0.0,44.19,0.0,0.0,1
4.65,0.0,4.65,2.33,0.0,11.63,2.33,2.33,9.3,6.98,4.65,4.65,9.3,2.33,9.3,2.33,2.33,11.63,4.65,4.65,1
4.65,2.33,2.33,2.33,9.3,11.63,0.0,2.33,4.65,4.65,0.0,16.28,13.95,2.33,6.98,0.0,4.65,9.3,0.0,2.33,1
6.98,2.33,0.0,4.65,0.0,13.95,2.33,0.0,13.95,4.65,4.65,2.33,11.63,6.98,2.33,6.98,4.65,4.65,0.0,6.98,1
2.33,0.0,2.33,0.0,0.0,4.65,2.33,2.33,25.58,9.3,0.0,4.65,39.53,2.33,0.0,2.33,0.0,2.33,0.0,0.0,1
0.0,0.0,2.33,0.0,2.33,2.33,0.0,39.53,23.26,11.63,4.65,2.33,0.0,0.0,2.33,0.0,2.33,2.33,0.0,4.65,1
13.95,4.65,4.65,4.65,4.65,6.98,0.0,0.0,13.95,13.95,0.0,2.33,0.0,2.33,4.65,2.33,4.65,13.95,0.0,2.33,1
0.0,0.0,0.0,2.33,16.28,11.63,4.65,9.3,4.65,6.98,0.0,0.0,11.63,4.65,11.63,2.33,4.65,0.0,4.65,4.65,1
2.33,0.0,0.0,0.0,0.0,0.0,0.0,32.56,25.58,4.65,11.63,0.0,0.0,4.65,6.98,0.0,2.33,6.98,2.33,0.0,1
9.09,2.27,0.0,4.55,0.0,9.09,0.0,4.55,15.91,9.09,2.27,9.09,2.27,6.82,2.27,0.0,2.27,18.18,0.0,2.27,1
22.73,0.0,0.0,0.0,0.0,15.91,0.0,4.55,0.0,2.27,0.0,0.0,34.09,0.0,0.0,0.0,2.27,18.18,0.0,0.0,1
2.27,0.0,4.55,9.09,2.27,4.55,0.0,0.0,9.09,6.82,0.0,0.0,40.91,0.0,9.09,0.0,2.27,6.82,2.27,0.0,1
6.82,4.55,0.0,4.55,0.0,6.82,0.0,2.27,15.91,0.0,0.0,6.82,6.82,20.45,0.0,2.27,6.82,11.36,0.0,4.55,1
18.18,0.0,0.0,0.0,0.0,15.91,0.0,0.0,0.0,0.0,0.0,0.0,34.09,0.0,0.0,0.0,0.0,31.82,0.0,0.0,1
18.18,0.0,9.09,6.82,2.27,6.82,0.0,0.0,2.27,13.64,2.27,0.0,0.0,6.82,27.27,2.27,0.0,2.27,0.0,0.0,1
4.55,2.27,6.82,0.0,6.82,11.36,2.27,18.18,4.55,6.82,0.0,6.82,2.27,4.55,9.09,2.27,0.0,9.09,0.0,2.27,1
25.0,0.0,0.0,0.0,2.27,9.09,0.0,0.0,2.27,13.64,2.27,2.27,0.0,4.55,15.91,0.0,9.09,6.82,0.0,6.82,1
11.36,4.55,2.27,4.55,0.0,11.36,0.0,2.27,13.64,2.27,4.55,4.55,15.91,2.27,9.09,4.55,2.27,2.27,0.0,2.27,1
18.18,0.0,0.0,0.0,4.55,2.27,2.27,6.82,6.82,9.09,2.27,2.27,4.55,2.27,18.18,6.82,4.55,6.82,2.27,0.0,1
9.09,0.0,0.0,0.0,2.27,13.64,0.0,0.0,18.18,0.0,25.0,9.09,2.27,2.27,9.09,4.55,2.27,2.27,0.0,0.0,1
0.0,0.0,0.0,0.0,0.0,50.0,0.0,0.0,0.0,4.55,0.0,0.0,0.0,0.0,0.0,0.0,0.0,45.45,0.0,0.0,1
6.82,2.27,4.55,0.0,2.27,9.09,4.55,2.27,6.82,4.55,6.82,6.82,4.55,2.27,6.82,4.55,13.64,4.55,2.27,4.55,1
4.55,2.27,4.55,0.0,2.27,18.18,0.0,4.55,6.82,4.55,4.55,6.82,9.09,4.55,9.09,2.27,6.82,6.82,0.0,2.27,1
4.55,9.09,0.0,6.82,6.82,2.27,0.0,2.27,20.45,6.82,2.27,9.09,2.27,6.82,2.27,4.55,2.27,0.0,0.0,11.36,1
11.36,2.27,0.0,0.0,4.55,9.09,0.0,4.55,0.0,11.36,2.27,0.0,2.27,0.0,20.45,4.55,6.82,15.91,2.27,2.27,1
34.09,0.0,4.55,0.0,2.27,4.55,2.27,0.0,9.09,11.36,4.55,0.0,0.0,0.0,13.64,2.27,0.0,11.36,0.0,0.0,1
2.27,0.0,0.0,2.27,0.0,29.55,0.0,0.0,2.27,4.55,0.0,0.0,0.0,9.09,15.91,4.55,0.0,27.27,0.0,2.27,1
11.36,2.27,4.55,2.27,4.55,9.09,0.0,6.82,9.09,2.27,0.0,2.27,2.27,4.55,4.55,6.82,6.82,20.45,0.0,0.0,1
4.55,9.09,6.82,2.27,4.55,9.09,2.27,2.27,6.82,2.27,4.55,6.82,4.55,2.27,6.82,4.55,9.09,9.09,0.0,2.27,1
38.64,0.0,0.0,0.0,0.0,0.0,0.0,0.0,40.91,0.0,0.0,0.0,9.09,2.27,0.0,0.0,2.27,6.82,0.0,0.0,1
11.11,0.0,0.0,2.22,2.22,13.33,2.22,8.89,4.44,0.0,4.44,0.0,4.44,6.67,15.56,8.89,4.44,2.22,4.44,4.44,1
11.11,0.0,0.0,2.22,0.0,11.11,2.22,8.89,4.44,2.22,4.44,0.0,4.44,6.67,15.56,13.33,4.44,0.0,4.44,4.44,1
20.0,0.0,0.0,4.44,6.67,11.11,2.22,6.67,8.89,4.44,2.22,2.22,4.44,2.22,2.22,2.22,11.11,8.89,0.0,0.0,1
2.22,2.22,4.44,2.22,2.22,8.89,2.22,11.11,8.89,0.0,6.67,8.89,11.11,0.0,2.22,13.33,0.0,2.22,4.44,6.67,1
8.89,2.22,6.67,2.22,2.22,13.33,0.0,20.0,11.11,0.0,0.0,4.44,2.22,0.0,4.44,0.0,0.0,20.0,0.0,2.22,1
